328    LychokBest 12
33 3.000000
70 1
33 0.000000
166 0.000000
33 0.000000
166 1.000000
14 66
225 1 1.000000
33 0.000000
20 45
225 1 2.000000
33 0.000000
20 33
33 21343.000000
70 0
23.000000
225 1 2.000000
33 0.000000
19 45
33 0.000000
70 0
23.000000
33 0.000000
225 1 2.000000
7.000000
225 1 1.000000
9.000000
166 0.000000
161 0.000000
166 1.000000
33 1.000000
70 0
23.000000
14 203
225 1 1.000000
225 1 1.000000
8.000000
33 4.000000
225 1 0.000000
8.000000
225 1 2.000000
8.000000
7.000000
230 1 3.000000
225 1 3.000000
3.000000
225 1 3.000000
33 0.000000
16 117
33 0.000000
3.000000
33 0.000000
3.000000
33 0.000000
3.000000
33 0.000000
3.000000
33 0.000000
70 0
23.000000
225 1 3.000000
33 0.000000
20 144
33 0.000000
225 1 1.000000
7.000000
33 2.000000
9.000000
166 0.000000
161 0.000000
166 1.000000
33 1.000000
70 0
23.000000
225 1 3.000000
33 0.000000
18 198
33 0.000000
225 1 1.000000
7.000000
225 1 3.000000
33 1.000000
33 2.000000
9.000000
5.000000
2.000000
33 2.000000
9.000000
166 0.000000
33 0.000000
225 1 1.000000
7.000000
225 1 3.000000
33 1.000000
33 2.000000
9.000000
5.000000
7.000000
33 2.000000
9.000000
166 1.000000
33 2.000000
70 0
23.000000
33 4567.000000
70 0
23.000000
14 292
225 1 0.000000
33 0.000000
20 246
65 1
225 1 0.000000
225 1 1.000000
225 1 2.000000
97 1 3.000000
70 1
230 1 2.000000
230 1 1.000000
230 1 0.000000
22 14
70 1
65 0
70 0
23.000000
225 1 0.000000
33 0.000000
19 287
65 1
225 1 0.000000
225 1 1.000000
225 1 2.000000
97 1 4.000000
70 1
230 1 2.000000
230 1 1.000000
230 1 0.000000
22 68
70 1
65 0
70 0
23.000000
33 1234.000000
70 0
23.000000
65 1
33 1.000000
33 5.000000
33 6.000000
97 1 3.000000
70 1
230 1 2.000000
230 1 1.000000
230 1 0.000000
22 205
70 1
65 0
3.000000
161 0.000000
3.000000
161 1.000000
3.000000
0.000000
