325    LychokBest 12
33 6.000000
70 1
33 1.000000
33 1.000000
7.000000
166 0.000000
33 1.000000
33 1.000000
7.000000
166 1.000000
33 1.000000
33 1.000000
7.000000
166 2.000000
33 1.000000
33 1.000000
7.000000
166 3.000000
33 1.000000
33 1.000000
7.000000
166 4.000000
33 1.000000
33 1.000000
7.000000
166 5.000000
33 1.000000
33 1.000000
7.000000
33 5.000000
7.000000
166 0.000000
33 1.000000
166 1.000000
33 2.000000
166 2.000000
14 113
225 1 1.000000
33 1.000000
33 1.000000
7.000000
20 99
225 1 0.000000
33 1.000000
33 1.000000
7.000000
20 91
33 5.000000
70 0
23.000000
33 1.000000
33 1.000000
7.000000
70 0
23.000000
225 1 0.000000
225 1 1.000000
9.000000
166 3.000000
33 1.000000
70 0
23.000000
14 289
225 1 2.000000
33 1.000000
33 1.000000
7.000000
20 154
65 1
225 1 0.000000
225 1 1.000000
97 1 4.000000
70 1
230 1 1.000000
230 1 0.000000
4.000000
22 66
70 1
65 0
70 0
23.000000
33 1.000000
33 1.000000
7.000000
230 1 3.000000
225 1 1.000000
225 1 1.000000
8.000000
225 1 0.000000
225 1 2.000000
8.000000
33 4.000000
8.000000
7.000000
230 1 3.000000
225 1 3.000000
33 1.000000
33 1.000000
7.000000
20 212
33 1.000000
33 1.000000
7.000000
225 1 1.000000
33 2.000000
9.000000
7.000000
166 3.000000
33 1.000000
70 0
23.000000
225 1 3.000000
33 1.000000
33 1.000000
7.000000
18 283
225 1 3.000000
33 1.000000
33 2.000000
9.000000
5.000000
230 1 3.000000
33 1.000000
33 1.000000
7.000000
225 1 1.000000
225 1 3.000000
2.000000
33 2.000000
225 1 2.000000
8.000000
9.000000
7.000000
166 3.000000
33 1.000000
33 1.000000
7.000000
225 1 1.000000
225 1 3.000000
7.000000
33 2.000000
225 1 2.000000
8.000000
9.000000
7.000000
166 4.000000
33 2.000000
70 0
23.000000
225 1 3.000000
70 0
23.000000
65 1
161 2.000000
161 1.000000
161 0.000000
230 1 2.000000
230 1 1.000000
230 1 0.000000
4.000000
22 115
70 1
65 0
166 5.000000
161 5.000000
3.000000
161 3.000000
3.000000
161 4.000000
3.000000
0.000000
